892
584 232
193 695
530 792
348 729
647 559
49 57
699 656
845 378
247 333
123 371
551 848
436 752
604 613
176 151
296 639
464 35
592 659
759 563
166 357
681 785
2 198
139 174
89 345
754 598
489 198
98 625
434 48
390 337
530 45
127 139
28 83
76 53
798 343
4 506
12 14
866 114
825 802
165 269
630 860
824 316
45 64
98 273
693 533
349 40
127 19
741 139
557 674
656 827
74 383
283 318
41 300
43 216
62 27
890 780
871 566
197 462
599 774
304 601
6 3
583 315
412 310
96 64
684 140
51 73
538 263
661 452
732 662
208 150
11 4
440 210
476 561
843 289
559 363
416 482
468 286
240 150
484 277
189 247
165 3
473 180
686 284
85 35
806 500
593 98
511 492
424 163
588 873
225 192
88 304
574 262
596 17
418 478
6 17
534 373
42 206
451 718
658 12
103 764
168 641
246 617
259 210
352 125
832 404
109 47
731 27
186 23
456 300
270 465
679 48
40 156
299 421
363 270
525 518
192 226
56 543
795 383
354 197
493 562
842 345
568 27
25 175
479 355
202 255
389 200
702 653
355 675
26 513
223 688
3 1
569 229
670 257
503 279
293 231
729 833
836 764
353 143
266 5
119 25
246 256
630 799
243 431
829 756
708 781
1 2
132 72
516 151
19 55
218 101
699 750
400 11
601 771
414 437
281 183
33 830
121 71
159 342
324 851
51 130
185 515
224 875
8 22
223 68
165 463
756 557
15 36
426 38
438 277
221 77
20 11
263 184
257 83
22 50
398 159
152 69
576 490
62 84
40 2
198 262
182 646
443 372
720 45
556 299
598 574
3 455
614 350
637 380
83 368
340 148
370 582
81 391
126 251
888 846
302 64
38 126
703 43
548 776
30 49
160 4
80 69
874 853
384 74
404 841
468 629
140 796
241 343
600 400
425 141
71 39
240 819
222 239
243 20
155 311
249 386
271 161
324 366
323 770
784 634
7 9
89 344
5 10
807 29
522 290
463 844
52 20
481 72
356 650
423 432
58 419
612 179
108 816
295 128
370 303
497 247
42 277
734 476
856 626
592 815
249 119
606 298
245 838
778 481
3 4
276 322
209 460
46 53
122 585
329 588
122 23
373 527
602 467
576 589
233 133
329 235
12 75
448 217
720 863
117 30
1 18
114 131
364 211
261 201
88 303
804 573
519 344
241 579
205 63
754 793
571 547
150 362
134 619
123 347
346 323
118 27
397 551
215 199
668 246
125 328
454 311
222 286
665 489
36 51
883 816
605 622
12 158
33 9
119 327
270 228
865 195
507 314
773 468
610 425
204 2
207 367
217 532
427 810
545 618
195 30
18 99
91 51
800 483
99 134
171 185
123 109
406 44
620 386
110 80
200 615
308 76
175 285
258 147
212 471
200 859
397 23
64 150
100 855
4 184
891 188
167 577
521 423
124 621
283 253
541 461
545 75
708 32
168 401
678 207
487 36
148 268
58 42
359 246
287 144
87 360
821 272
635 180
309 624
12 97
318 573
34 180
195 230
356 452
70 21
1 677
885 608
35 115
348 89
203 125
262 788
70 301
172 404
445 268
290 552
480 462
569 648
45 16
487 707
499 757
676 820
548 273
823 215
28 305
275 335
566 59
31 288
591 213
323 57
77 592
37 26
680 330
365 172
724 9
3 15
46 32
100 361
64 212
15 67
867 552
185 279
644 150
89 19
250 125
59 490
358 155
202 495
649 70
137 42
25 10
488 367
96 783
459 33
400 737
144 470
18 194
234 130
517 472
744 51
114 742
24 93
812 775
43 28
141 107
403 302
537 28
416 469
20 188
112 77
106 711
208 209
316 81
103 395
201 853
293 405
706 658
100 252
292 74
554 656
520 72
249 325
248 745
458 581
570 151
862 487
696 465
504 279
374 276
489 746
300 399
79 18
100 69
286 887
715 376
723 779
760 638
869 590
163 594
274 411
184 228
2 505
28 38
22 199
790 370
740 24
90 299
104 197
232 211
475 54
207 375
24 880
295 417
681 225
282 512
229 514
356 245
578 183
24 12
402 400
22 106
240 687
467 486
638 857
55 169
142 124
472 353
775 718
822 265
564 288
192 34
196 217
528 231
733 707
436 233
660 482
271 558
191 861
170 36
350 109
354 690
666 74
126 241
68 41
433 231
101 805
1 7
676 57
554 505
211 52
61 10
219 272
533 419
346 378
69 35
360 777
135 77
315 309
485 238
27 28
410 749
2 388
54 326
6 200
100 236
697 438
593 608
416 201
191 45
29 34
257 496
698 296
106 183
238 84
15 341
26 8
766 319
837 100
339 157
602 692
603 516
786 486
295 638
377 5
3 5
263 334
1 101
237 126
298 184
689 108
5 29
63 34
13 6
74 147
496 555
8 4
82 78
231 282
190 320
720 892
312 26
674 728
178 114
599 77
501 755
611 214
37 48
254 13
235 185
135 595
414 340
246 16
544 44
723 613
219 17
422 257
730 127
203 336
260 34
57 105
159 428
226 229
375 849
510 306
319 307
221 373
722 608
30 103
183 423
846 204
171 49
669 9
439 35
835 211
121 811
458 413
787 388
129 415
616 318
328 476
3 65
134 167
129 66
15 41
78 42
392 393
886 482
482 529
149 40
346 429
803 326
136 103
129 560
95 86
504 870
274 25
244 140
315 539
712 797
35 77
396 78
271 290
244 518
66 162
578 704
267 442
114 39
839 125
627 291
753 605
284 310
682 691
306 93
501 232
150 451
801 528
72 69
540 434
457 244
504 879
253 483
45 54
46 550
682 37
107 14
80 655
626 164
56 4
137 155
789 21
278 216
195 772
441 244
444 133
47 751
60 54
499 818
7 477
782 89
474 263
267 36
89 572
392 75
828 88
193 63
657 282
653 339
33 133
86 71
81 27
289 160
481 651
253 717
75 381
166 85
380 109
79 88
284 214
201 101
105 210
4 12
266 418
152 587
32 332
98 154
663 307
89 324
876 814
143 60
26 44
94 48
738 144
228 671
713 215
601 768
270 523
92 164
667 40
126 847
140 369
295 467
30 14
877 831
321 87
140 125
672 522
63 297
366 864
148 91
113 82
726 705
441 450
57 98
265 86
171 190
180 420
276 216
4 66
47 1
1 852
604 122
99 605
231 280
184 408
533 557
791 726
66 868
2 654
61 108
23 709
185 317
519 673
307 250
840 72
17 124
56 705
881 10
23 13
10 153
207 31
466 108
337 78
758 582
248 112
138 5
802 582
325 710
222 121
394 318
633 586
161 834
632 200
636 628
43 220
245 120
92 63
588 826
223 492
82 553
567 331
711 748
492 498
3 16
435 15
854 841
502 248
202 53
273 662
291 106
126 640
150 430
161 549
111 66
878 125
735 396
18 761
408 739
446 378
597 177
196 103
161 62
765 29
813 518
104 24
587 664
328 447
369 694
719 99
586 176
128 93
151 227
74 47
8 145
563 418
182 499
81 794
181 131
144 43
531 480
623 203
309 302
163 54
172 5
154 607
13 59
218 817
525 634
357 449
536 712
526 33
831 160
39 26
333 461
90 330
74 179
780 512
645 123
4 379
808 804
1 21
631 302
35 33
714 457
809 679
116 97
273 642
325 547
465 872
507 727
814 737
767 373
314 20
1 90
42 372
3 351
457 889
62 242
43 182
275 125
159 542
151 119
183 413
31 6
479 590
559 721
500 225
96 146
716 589
701 93
355 87
575 347
106 385
407 238
9 338
158 382
882 762
86 264
231 725
27 5
685 135
95 736
